$ANSIBLE_VAULT;1.1;AES256
34656537343263643263393638376233626634643834303730653065383036626232346561633037
6662393631613766393062333864306334316133666333640a333337626639386164313864366636
63373164303636333938383364326437353961353162383538396166353939393965323065343039
3333633362623235340a363161313964343731343032323365636330396137343766356562663630
65646434643031316362386661303137333935363337303463633364396463623138636133363334
35653934643064613362343932303431656433646231646631643035393434346538633365303565
33396465343330373064353331616562656138333763623862373037653834643133366461646564
38613732313137393865323636636435666136663461633537353362306534633037393830653433
64326662623563383263653532643261623664373461623165623964636365663939396261666330
33353061616634656431613763313733393632363235613761376665623761616431653738626365
63613539633638666633633863326436346462663866333436643138646630353936663433653661
31346439303237616331353135326163346330386265326234393961383162313364646439633262
63373266316136303162656464626434663864623366353034626430333934613232323731393061
66383765623131643435616435646161633738623366393134646165653562373934343133656136
38373337356165663862613733623165393861316433366562353231643330306436656264363934
66306634396536333639386534616261373938313636313139343433626636636632306432613434
61363865366335323735383165623433353133323831613039613366313163666234336631373563
64393735346166363764363131646334353364313464346139626466343336306433353036346537
37393263623237303831313433356165623836326430326338323862353662343138343435306466
35613266386131383866326462306137366633346434386637323064303166636262383837656564
36646439383166663761306438636235653136316265313632663664663066373662313737633033
35333038363135323365373231376664356261616437363132386635323436626333366336306334
37313436386465303064623565396563363530386538313361373965643665633862666432653137
66616630353233653532303863316438636363343661653639616436616361363134356131666132
33653965373930353738383265326238326239363430653136626534343139393137646435333562
66366163366561623736376539393661623562343738323062636166373764383330383335653662
31376433663564373765396636303464366539373866333231343432363435643232323938326331
31613262356233313531356436323862623634363865386135633365646336363031663562303939
31663139663130653464326330373439643337653337306264393966383834643739336132373365
66663463313231336531326233353937616563303439396465366231333462363065636137386366
34336266613734646338393663643537386433616638343130343037373132613362663061363731
66376535353363306464666638663064653132323564666136653062313766313838326566633262
30383533623935646138393361356231396338663661643430333465653739323937363038346532
63616535323732353637616330316139646231316466316665653763393038646432326337623666
34623463633935316365373030373266326233303261396337616537343232373235646637653263
38373239613734396263373830336133623136343965323234363562353839333665393535376365
30626663656264313034393530613631303365633634343736303764616139336164356161383430
63653538363364333364343937623961306665356234303866346336623465643465643763363932
63336231663963373832343034643036323931633433623931623537323462303537613265333032
36646634353966363766633037326135313163316630623636633130656531353463333264363630
30386232343734396465393436363936613435643662366138373730306535373130306361643234
36313766623865343361393835373337343930323066376164663532663234323036373939386138
35393039633830346362666535373335626262363764653735343434353865613438393937333665
30333936613761613364356233316230306562336163616464323764663535396339323632653236
63313732306132373964373063383764396332366262376136663336643633643834633832633232
34356332393163636239316561323936333335633539303763383534626131616134303262613938
32313932656634353534656264373266393631663163343133313965383936323831663234303734
66336463626431303835666331383163613931383463663530653666613735653336373438386361
31643739623735303734346238643136653763363831656664376533333765666163356665353363
65643863626533306333303236346537343131353563353939343263653536353465633865376533
32306337356665386431386666353836636432626264353362393861313063383831633130663631
63316332346266306131633833373435343632316334386337663466353166303036373566623562
61663261343663383163343662616437396631326534323065613564656166363966363662376366
64623161633731323030343965386437633730363438393066396535386166623131316164633336
35303234616639613037343931313966323534356562653334653236623933306233356664656465
37346135626136303133613239353366636366336561326432646463346366386330316666356434
64343639313233356261393935346437613038333062633135666131383461643161376362396237
36653837613131353539313563373262623133623362346665303535633762393762623937633363
65323230353830626263366165613634313034656638323766393635323163393232323938666463
64306462333862663530386165303562333433373934363763623534396338316262663566353233
64663764623231626634333232343761353731636230373039613236313862343264316437306165
32646236303434303732333936396564386434363739303030623133383737666439353438343866
36333464373935373836386235343832316135633637393961663361653432613830633466346231
37303064306133333433356439346432646634303033343638633437656338386463303532383832
62313833343139363664656436313535383731343530613161653437336434346435656633393965
61666462353736663734663533356566363164663139643262656635346666373137623832633464
37356532306164303438613531343562376538366234303664373939313332396135303833373638
35616638313965633736316166353437623936373663633462333965313436326366393661303631
37646264303735643636386633326366656333333136626263646430636539333035383535623439
65346133353665656637333662376334376631363338393930353664383861666131333333653936
34623962363332383431396236663332393063386437383761353162643761303361366263303432
35636632636136383861393665333539616133383430323031353937363734346464653861353166
39663337336261346264643231396131353866323634376232373034393736643831663630346431
32373463623765353231343661323735643766333834623462366534373961393139336662313539
35646334613837616431643337643836653136656164343930333534313437653839356533633831
61623434643061646665356432333133326264323133323966343265303734383362333439326263
63336532393166323635626563343861326465306138343731343937383634343539653065663339
33623637386432633734396165663261386632633436613230653334366661323366643466663732
65316366373334363566313932326237376536356363633739636139313563653132663830326131
36623461383930613739366361323332356230366332316365643164333461666462303233623266
65393365663034323537323734396536303233313832313636616264333930633932343239386561
63333938303731666162616135333633613638316231656361306532643237343062646663316663
36313530643765373661643264623934616236646365363938366165623636396535643732386632
66646639633132393532613763346139306535633234313561363133663132323838383339306135
30653466326662336663636165626433363230343437326432366635366565663635653533303663
31353064616633303964623665316231353866363562613839343333396164343866663137613733
64643437633832353836363061646463653765613265373436656361643637336533623835353230
33393961356265343335
